"contrast" "interval" "correct" "subject"
0.2 1 1 "s4"
0.2 1 1 "s4"
0.2 2 1 "s4"
0.2 2 0 "s4"
0.2 1 1 "s4"
0.2 2 1 "s4"
0.2 2 1 "s4"
0.2 2 1 "s4"
0.2 1 1 "s4"
0.2 1 1 "s4"
0.4 2 1 "s4"
0.4 1 1 "s4"
0.4 1 1 "s4"
0.4 2 1 "s4"
0.4 2 1 "s4"
0.4 2 1 "s4"
0.4 2 1 "s4"
0.4 1 1 "s4"
0.4 1 0 "s4"
0.4 1 1 "s4"
0.1 2 1 "s4"
0.1 2 1 "s4"
0.1 2 1 "s4"
0.1 2 1 "s4"
0.1 1 1 "s4"
0.1 1 0 "s4"
0.1 1 1 "s4"
0.1 1 0 "s4"
0.1 2 0 "s4"
0.1 1 0 "s4"
0.05 2 0 "s4"
0.05 1 0 "s4"
0.05 1 0 "s4"
0.05 2 0 "s4"
0.05 1 1 "s4"
0.05 1 1 "s4"
0.05 2 1 "s4"
0.05 1 0 "s4"
0.05 1 1 "s4"
0.05 2 1 "s4"
0.05 2 1 "s4"
0.05 1 1 "s4"
0.05 2 0 "s4"
0.05 1 1 "s4"
0.05 1 0 "s4"
0.05 1 0 "s4"
0.05 2 0 "s4"
0.05 2 0 "s4"
0.05 2 0 "s4"
0.05 2 1 "s4"
0.2 1 1 "s4"
0.2 2 1 "s4"
0.2 2 1 "s4"
0.2 2 1 "s4"
0.2 2 1 "s4"
0.2 2 1 "s4"
0.2 2 1 "s4"
0.2 1 1 "s4"
0.2 1 1 "s4"
0.2 1 0 "s4"
0.2 1 1 "s4"
0.2 1 1 "s4"
0.2 1 1 "s4"
0.2 2 1 "s4"
0.2 1 0 "s4"
0.2 1 1 "s4"
0.2 2 1 "s4"
0.2 1 1 "s4"
0.2 2 1 "s4"
0.2 2 1 "s4"
0.4 1 1 "s4"
0.4 2 1 "s4"
0.4 1 1 "s4"
0.4 1 1 "s4"
0.4 1 1 "s4"
0.4 1 1 "s4"
0.4 1 1 "s4"
0.4 2 1 "s4"
0.4 2 1 "s4"
0.4 2 1 "s4"
0.4 2 1 "s4"
0.4 1 1 "s4"
0.4 2 1 "s4"
0.4 2 1 "s4"
0.4 1 1 "s4"
0.4 2 1 "s4"
0.4 2 1 "s4"
0.4 1 1 "s4"
0.4 1 1 "s4"
0.4 2 1 "s4"
0.05 2 1 "s4"
0.05 1 1 "s4"
0.05 2 0 "s4"
0.05 1 1 "s4"
0.05 1 1 "s4"
0.05 2 0 "s4"
0.05 2 1 "s4"
0.05 1 1 "s4"
0.05 2 0 "s4"
0.05 2 1 "s4"
0.05 1 1 "s4"
0.05 2 1 "s4"
0.05 1 1 "s4"
0.05 2 0 "s4"
0.05 1 1 "s4"
0.05 1 1 "s4"
0.05 2 0 "s4"
0.05 1 0 "s4"
0.05 2 1 "s4"
0.05 1 0 "s4"
0.1 1 0 "s4"
0.1 1 0 "s4"
0.1 2 1 "s4"
0.1 2 1 "s4"
0.1 1 1 "s4"
0.1 2 0 "s4"
0.1 2 0 "s4"
0.1 2 1 "s4"
0.1 2 0 "s4"
0.1 1 0 "s4"
0.1 1 0 "s4"
0.1 1 0 "s4"
0.1 1 0 "s4"
0.1 2 1 "s4"
0.1 1 1 "s4"
0.1 2 1 "s4"
0.1 2 1 "s4"
0.1 1 0 "s4"
0.1 2 0 "s4"
0.1 1 1 "s4"
0.8 1 1 "s4"
0.8 2 1 "s4"
0.8 1 1 "s4"
0.8 2 1 "s4"
0.8 2 1 "s4"
0.8 2 1 "s4"
0.8 1 1 "s4"
0.8 1 1 "s4"
0.8 1 1 "s4"
0.8 2 1 "s4"
0.8 1 1 "s4"
0.8 2 1 "s4"
0.8 1 1 "s4"
0.8 2 1 "s4"
0.8 1 1 "s4"
0.8 1 1 "s4"
0.8 1 1 "s4"
0.8 2 1 "s4"
0.8 2 1 "s4"
0.8 2 1 "s4"
0.025 2 1 "s4"
0.025 1 0 "s4"
0.025 2 1 "s4"
0.025 1 0 "s4"
0.025 2 1 "s4"
0.025 2 1 "s4"
0.025 2 0 "s4"
0.025 1 1 "s4"
0.025 1 0 "s4"
0.025 2 1 "s4"
0.025 2 0 "s4"
0.025 1 0 "s4"
0.025 2 0 "s4"
0.025 2 1 "s4"
0.025 1 1 "s4"
0.025 1 0 "s4"
0.025 1 0 "s4"
0.025 1 0 "s4"
0.025 1 1 "s4"
0.025 2 0 "s4"
0.8 1 1 "s4"
0.8 2 1 "s4"
0.8 2 1 "s4"
0.8 1 1 "s4"
0.8 2 1 "s4"
0.8 1 1 "s4"
0.8 2 1 "s4"
0.8 2 1 "s4"
0.8 2 1 "s4"
0.8 2 1 "s4"
0.8 1 1 "s4"
0.8 1 1 "s4"
0.8 2 1 "s4"
0.8 2 1 "s4"
0.8 1 1 "s4"
0.8 1 1 "s4"
0.8 2 1 "s4"
0.8 1 1 "s4"
0.8 1 1 "s4"
0.8 1 1 "s4"
0.2 1 1 "s4"
0.2 2 1 "s4"
0.2 2 1 "s4"
0.2 1 1 "s4"
0.2 1 1 "s4"
0.2 1 1 "s4"
0.2 1 1 "s4"
0.2 2 1 "s4"
0.2 2 1 "s4"
0.2 2 1 "s4"
0.2 2 1 "s4"
0.2 1 1 "s4"
0.2 1 1 "s4"
0.2 1 0 "s4"
0.2 2 1 "s4"
0.2 2 1 "s4"
0.2 2 1 "s4"
0.2 1 1 "s4"
0.2 1 1 "s4"
0.2 2 1 "s4"
0.1 1 1 "s4"
0.1 1 0 "s4"
0.1 1 0 "s4"
0.1 1 0 "s4"
0.1 2 0 "s4"
0.1 2 0 "s4"
0.1 1 0 "s4"
0.1 2 1 "s4"
0.1 2 0 "s4"
0.1 1 1 "s4"
0.1 2 1 "s4"
0.1 2 0 "s4"
0.1 2 0 "s4"
0.1 2 1 "s4"
0.1 1 1 "s4"
0.1 2 1 "s4"
0.1 1 1 "s4"
0.1 2 0 "s4"
0.1 1 0 "s4"
0.1 1 1 "s4"
0.025 1 0 "s4"
0.025 2 1 "s4"
0.025 2 0 "s4"
0.025 1 0 "s4"
0.025 1 0 "s4"
0.025 2 1 "s4"
0.025 1 1 "s4"
0.025 2 0 "s4"
0.025 2 1 "s4"
0.025 1 0 "s4"
0.025 2 1 "s4"
0.025 1 1 "s4"
0.025 2 1 "s4"
0.025 1 1 "s4"
0.025 2 0 "s4"
0.025 1 1 "s4"
0.025 2 1 "s4"
0.025 2 1 "s4"
0.025 1 1 "s4"
0.025 1 0 "s4"
0.2 1 1 "s4"
0.2 1 1 "s4"
0.2 2 1 "s4"
0.2 2 1 "s4"
0.2 2 1 "s4"
0.2 1 1 "s4"
0.2 1 1 "s4"
0.2 1 1 "s4"
0.2 1 1 "s4"
0.2 2 1 "s4"
0.2 2 1 "s4"
0.2 2 1 "s4"
0.2 1 1 "s4"
0.2 1 0 "s4"
0.2 2 1 "s4"
0.2 2 1 "s4"
0.2 2 1 "s4"
0.2 1 1 "s4"
0.2 1 0 "s4"
0.2 2 1 "s4"
0.025 1 1 "s4"
0.025 2 0 "s4"
0.025 2 1 "s4"
0.025 2 0 "s4"
0.025 2 1 "s4"
0.025 1 1 "s4"
0.025 1 1 "s4"
0.025 2 0 "s4"
0.025 1 0 "s4"
0.025 2 0 "s4"
0.025 1 1 "s4"
0.025 1 0 "s4"
0.025 1 1 "s4"
0.025 2 1 "s4"
0.025 2 0 "s4"
0.025 1 0 "s4"
0.025 1 1 "s4"
0.025 2 0 "s4"
0.025 2 0 "s4"
0.025 1 1 "s4"
0.05 1 0 "s4"
0.05 2 1 "s4"
0.05 1 0 "s4"
0.05 1 0 "s4"
0.05 2 1 "s4"
0.05 1 0 "s4"
0.05 1 0 "s4"
0.05 2 1 "s4"
0.05 2 0 "s4"
0.05 2 0 "s4"
0.05 2 0 "s4"
0.05 1 0 "s4"
0.05 1 0 "s4"
0.05 1 1 "s4"
0.05 2 1 "s4"
0.05 1 1 "s4"
0.05 2 0 "s4"
0.05 2 0 "s4"
0.05 1 0 "s4"
0.05 2 0 "s4"
0.4 2 1 "s1"
0.4 1 1 "s1"
0.4 1 1 "s1"
0.4 2 1 "s1"
0.4 1 1 "s1"
0.4 1 1 "s1"
0.4 2 1 "s1"
0.4 1 0 "s1"
0.4 1 1 "s1"
0.4 1 0 "s1"
0.4 2 0 "s1"
0.4 2 1 "s1"
0.4 1 0 "s1"
0.4 1 1 "s1"
0.4 2 1 "s1"
0.4 2 1 "s1"
0.4 2 1 "s1"
0.4 2 1 "s1"
0.4 1 1 "s1"
0.4 2 1 "s1"
0.1 2 0 "s1"
0.1 2 0 "s1"
0.1 1 0 "s1"
0.1 2 1 "s1"
0.1 2 1 "s1"
0.1 1 1 "s1"
0.1 1 0 "s1"
0.1 2 0 "s1"
0.1 2 1 "s1"
0.1 1 1 "s1"
0.1 1 1 "s1"
0.1 2 0 "s1"
0.1 1 1 "s1"
0.1 2 0 "s1"
0.1 2 1 "s1"
0.1 1 0 "s1"
0.1 1 1 "s1"
0.1 1 0 "s1"
0.1 1 1 "s1"
0.1 2 1 "s1"
0.025 2 0 "s1"
0.025 1 1 "s1"
0.025 2 0 "s1"
0.025 1 1 "s1"
0.025 1 1 "s1"
0.025 1 1 "s1"
0.025 2 0 "s1"
0.025 2 0 "s1"
0.025 2 0 "s1"
0.025 1 1 "s1"
0.025 2 0 "s1"
0.025 2 0 "s1"
0.025 1 1 "s1"
0.025 1 1 "s1"
0.025 1 1 "s1"
0.025 2 0 "s1"
0.025 2 0 "s1"
0.025 1 1 "s1"
0.025 2 0 "s1"
0.025 1 1 "s1"
0.4 2 1 "s1"
0.4 1 0 "s1"
0.4 2 1 "s1"
0.4 1 1 "s1"
0.4 1 1 "s1"
0.4 2 1 "s1"
0.4 2 1 "s1"
0.4 1 1 "s1"
0.4 1 1 "s1"
0.4 2 0 "s1"
0.4 1 0 "s1"
0.4 1 1 "s1"
0.4 1 1 "s1"
0.4 1 1 "s1"
0.4 2 1 "s1"
0.4 2 1 "s1"
0.4 2 1 "s1"
0.4 2 1 "s1"
0.4 1 1 "s1"
0.4 2 1 "s1"
0.2 1 1 "s1"
0.2 2 0 "s1"
0.2 1 1 "s1"
0.2 2 1 "s1"
0.2 1 0 "s1"
0.2 2 1 "s1"
0.2 1 1 "s1"
0.2 1 1 "s1"
0.2 1 1 "s1"
0.2 2 1 "s1"
0.2 2 0 "s1"
0.2 2 1 "s1"
0.2 2 1 "s1"
0.2 1 1 "s1"
0.2 2 0 "s1"
0.2 1 1 "s1"
0.2 2 1 "s1"
0.2 1 1 "s1"
0.2 2 1 "s1"
0.2 1 1 "s1"
0.8 2 1 "s1"
0.8 1 1 "s1"
0.8 2 1 "s1"
0.8 2 1 "s1"
0.8 1 1 "s1"
0.8 2 1 "s1"
0.8 1 1 "s1"
0.8 2 1 "s1"
0.8 1 1 "s1"
0.8 2 1 "s1"
0.8 1 1 "s1"
0.8 1 1 "s1"
0.8 1 1 "s1"
0.8 2 1 "s1"
0.8 2 1 "s1"
0.8 1 1 "s1"
0.8 1 1 "s1"
0.8 1 0 "s1"
0.8 2 1 "s1"
0.8 2 1 "s1"
0.1 2 1 "s1"
0.1 2 1 "s1"
0.1 1 0 "s1"
0.1 1 0 "s1"
0.1 2 0 "s1"
0.1 1 0 "s1"
0.1 1 1 "s1"
0.1 2 0 "s1"
0.1 2 0 "s1"
0.1 1 1 "s1"
0.1 2 0 "s1"
0.1 2 1 "s1"
0.1 1 1 "s1"
0.1 1 0 "s1"
0.1 1 1 "s1"
0.1 1 1 "s1"
0.1 2 1 "s1"
0.1 1 1 "s1"
0.1 2 0 "s1"
0.1 2 1 "s1"
0.2 1 0 "s1"
0.2 2 1 "s1"
0.2 1 1 "s1"
0.2 1 1 "s1"
0.2 2 0 "s1"
0.2 2 1 "s1"
0.2 2 0 "s1"
0.2 1 0 "s1"
0.2 1 1 "s1"
0.2 1 1 "s1"
0.2 1 0 "s1"
0.2 1 1 "s1"
0.2 1 1 "s1"
0.2 2 1 "s1"
0.2 2 1 "s1"
0.2 2 1 "s1"
0.2 1 0 "s1"
0.2 2 1 "s1"
0.2 2 1 "s1"
0.2 2 1 "s1"
0.025 2 1 "s1"
0.025 1 0 "s1"
0.025 2 0 "s1"
0.025 2 0 "s1"
0.025 1 1 "s1"
0.025 2 1 "s1"
0.025 1 0 "s1"
0.025 1 0 "s1"
0.025 1 0 "s1"
0.025 1 0 "s1"
0.025 2 1 "s1"
0.025 1 0 "s1"
0.025 2 1 "s1"
0.025 1 1 "s1"
0.025 2 0 "s1"
0.025 1 0 "s1"
0.025 1 0 "s1"
0.025 2 1 "s1"
0.025 2 0 "s1"
0.025 2 1 "s1"
0.8 2 1 "s1"
0.8 1 1 "s1"
0.8 1 1 "s1"
0.8 1 1 "s1"
0.8 1 1 "s1"
0.8 1 1 "s1"
0.8 2 1 "s1"
0.8 2 1 "s1"
0.8 1 1 "s1"
0.8 2 1 "s1"
0.8 2 1 "s1"
0.8 1 1 "s1"
0.8 1 1 "s1"
0.8 2 1 "s1"
0.8 1 1 "s1"
0.8 1 1 "s1"
0.8 2 1 "s1"
0.8 2 1 "s1"
0.8 2 1 "s1"
0.8 2 1 "s1"
0.1 1 0 "s1"
0.1 2 0 "s1"
0.1 2 1 "s1"
0.1 2 0 "s1"
0.1 2 0 "s1"
0.1 1 1 "s1"
0.1 1 0 "s1"
0.1 2 0 "s1"
0.1 1 1 "s1"
0.1 1 1 "s1"
0.1 1 0 "s1"
0.1 1 1 "s1"
0.1 1 1 "s1"
0.1 2 0 "s1"
0.1 2 1 "s1"
0.1 1 0 "s1"
0.1 2 1 "s1"
0.1 2 1 "s1"
0.1 1 1 "s1"
0.1 2 1 "s1"
0.4 1 1 "s1"
0.4 2 1 "s1"
0.4 2 1 "s1"
0.4 2 1 "s1"
0.4 2 1 "s1"
0.4 2 1 "s1"
0.4 1 1 "s1"
0.4 2 1 "s1"
0.4 2 1 "s1"
0.4 1 1 "s1"
0.4 2 1 "s1"
0.4 1 1 "s1"
0.4 1 1 "s1"
0.4 2 1 "s1"
0.4 1 0 "s1"
0.4 2 1 "s1"
0.4 1 1 "s1"
0.4 1 1 "s1"
0.4 1 1 "s1"
0.4 1 1 "s1"
0.2 2 1 "s1"
0.2 2 1 "s1"
0.2 1 1 "s1"
0.2 2 1 "s1"
0.2 1 1 "s1"
0.2 2 1 "s1"
0.2 1 0 "s1"
0.2 1 1 "s1"
0.2 1 1 "s1"
0.2 1 1 "s1"
0.2 2 1 "s1"
0.2 2 1 "s1"
0.2 1 1 "s1"
0.2 2 1 "s1"
0.2 1 1 "s1"
0.2 1 1 "s1"
0.2 2 1 "s1"
0.2 2 1 "s1"
0.2 2 0 "s1"
0.2 1 0 "s1"
0.8 2 1 "s1"
0.8 1 1 "s1"
0.8 1 1 "s1"
0.8 2 1 "s1"
0.8 2 1 "s1"
0.8 2 1 "s1"
0.8 2 1 "s1"
0.8 1 1 "s1"
0.8 2 1 "s1"
0.8 2 1 "s1"
0.8 1 0 "s1"
0.8 1 1 "s1"
0.8 1 1 "s1"
0.8 1 1 "s1"
0.8 1 1 "s1"
0.8 2 1 "s1"
0.8 2 1 "s1"
0.8 2 1 "s1"
0.8 1 1 "s1"
0.8 1 1 "s1"
0.025 1 1 "s1"
0.025 1 0 "s1"
0.025 1 1 "s1"
0.025 1 1 "s1"
0.025 2 0 "s1"
0.025 1 1 "s1"
0.025 2 1 "s1"
0.025 1 1 "s1"
0.025 2 0 "s1"
0.025 2 0 "s1"
0.025 2 1 "s1"
0.025 2 0 "s1"
0.025 1 0 "s1"
0.025 1 1 "s1"
0.025 2 0 "s1"
0.025 2 0 "s1"
0.025 2 1 "s1"
0.025 1 0 "s1"
0.025 1 1 "s1"
0.025 2 1 "s1"
0.05 1 0 "s1"
0.05 2 1 "s1"
0.05 2 0 "s1"
0.05 1 1 "s1"
0.05 1 0 "s1"
0.05 1 1 "s1"
0.05 1 1 "s1"
0.05 2 1 "s1"
0.05 2 1 "s1"
0.05 1 1 "s1"
0.05 2 0 "s1"
0.05 2 1 "s1"
0.05 1 0 "s1"
0.05 1 1 "s1"
0.05 2 0 "s1"
0.05 2 0 "s1"
0.05 2 0 "s1"
0.05 2 1 "s1"
0.05 1 0 "s1"
0.05 1 0 "s1"
0.05 1 1 "s1"
0.05 2 1 "s1"
0.05 1 1 "s1"
0.05 2 0 "s1"
0.05 2 0 "s1"
0.05 2 0 "s1"
0.05 1 0 "s1"
0.05 1 1 "s1"
0.05 1 1 "s1"
0.05 2 0 "s1"
0.05 1 0 "s1"
0.05 1 0 "s1"
0.05 2 0 "s1"
0.05 1 1 "s1"
0.05 2 0 "s1"
0.05 2 1 "s1"
0.05 1 0 "s1"
0.05 1 0 "s1"
0.05 2 0 "s1"
0.05 2 1 "s1"
0.4 2 1 "s2"
0.4 2 1 "s2"
0.4 1 1 "s2"
0.4 2 1 "s2"
0.4 1 1 "s2"
0.4 2 1 "s2"
0.4 1 1 "s2"
0.4 2 1 "s2"
0.4 1 1 "s2"
0.4 2 1 "s2"
0.4 2 1 "s2"
0.4 1 1 "s2"
0.4 1 1 "s2"
0.4 1 1 "s2"
0.4 2 1 "s2"
0.4 1 1 "s2"
0.4 2 1 "s2"
0.4 1 1 "s2"
0.4 2 1 "s2"
0.4 1 1 "s2"
0.1 1 0 "s2"
0.1 2 1 "s2"
0.1 2 1 "s2"
0.1 2 1 "s2"
0.1 2 0 "s2"
0.1 2 0 "s2"
0.1 1 0 "s2"
0.1 2 1 "s2"
0.1 1 1 "s2"
0.1 1 1 "s2"
0.1 2 1 "s2"
0.1 1 0 "s2"
0.1 2 0 "s2"
0.1 1 1 "s2"
0.1 1 1 "s2"
0.1 1 1 "s2"
0.1 2 1 "s2"
0.1 2 1 "s2"
0.1 1 0 "s2"
0.1 1 0 "s2"
0.8 2 1 "s2"
0.8 1 1 "s2"
0.8 1 1 "s2"
0.8 1 1 "s2"
0.8 1 1 "s2"
0.8 1 1 "s2"
0.8 2 1 "s2"
0.8 2 1 "s2"
0.8 2 1 "s2"
0.8 2 1 "s2"
0.8 1 1 "s2"
0.8 2 1 "s2"
0.8 1 1 "s2"
0.8 2 1 "s2"
0.8 2 1 "s2"
0.8 1 1 "s2"
0.8 2 0 "s2"
0.8 2 1 "s2"
0.8 1 1 "s2"
0.8 1 1 "s2"
0.025 1 1 "s2"
0.025 1 1 "s2"
0.025 1 0 "s2"
0.025 2 0 "s2"
0.025 1 1 "s2"
0.025 1 0 "s2"
0.025 2 0 "s2"
0.025 2 0 "s2"
0.025 2 1 "s2"
0.025 2 1 "s2"
0.025 1 0 "s2"
0.025 2 1 "s2"
0.025 1 0 "s2"
0.025 2 1 "s2"
0.025 1 1 "s2"
0.025 1 0 "s2"
0.025 1 0 "s2"
0.025 2 0 "s2"
0.025 2 1 "s2"
0.025 2 1 "s2"
0.2 2 1 "s2"
0.2 1 1 "s2"
0.2 1 1 "s2"
0.2 2 1 "s2"
0.2 1 1 "s2"
0.2 1 1 "s2"
0.2 2 1 "s2"
0.2 1 1 "s2"
0.2 2 1 "s2"
0.2 1 1 "s2"
0.2 1 1 "s2"
0.2 2 1 "s2"
0.2 2 1 "s2"
0.2 2 1 "s2"
0.2 2 1 "s2"
0.2 2 1 "s2"
0.2 1 0 "s2"
0.2 1 1 "s2"
0.2 1 1 "s2"
0.2 2 1 "s2"
0.2 1 1 "s2"
0.2 2 1 "s2"
0.2 2 1 "s2"
0.2 1 1 "s2"
0.2 1 1 "s2"
0.2 1 1 "s2"
0.2 2 1 "s2"
0.2 1 0 "s2"
0.2 1 1 "s2"
0.2 1 1 "s2"
0.2 2 1 "s2"
0.2 1 1 "s2"
0.2 2 1 "s2"
0.2 1 1 "s2"
0.2 1 1 "s2"
0.2 2 1 "s2"
0.2 2 1 "s2"
0.2 2 1 "s2"
0.2 2 1 "s2"
0.2 2 1 "s2"
0.8 2 1 "s2"
0.8 1 1 "s2"
0.8 1 1 "s2"
0.8 1 1 "s2"
0.8 2 1 "s2"
0.8 2 1 "s2"
0.8 1 1 "s2"
0.8 2 1 "s2"
0.8 2 1 "s2"
0.8 1 1 "s2"
0.8 1 1 "s2"
0.8 2 1 "s2"
0.8 1 1 "s2"
0.8 2 1 "s2"
0.8 1 1 "s2"
0.8 2 1 "s2"
0.8 2 1 "s2"
0.8 1 1 "s2"
0.8 1 1 "s2"
0.8 2 1 "s2"
0.1 2 0 "s2"
0.1 2 0 "s2"
0.1 1 0 "s2"
0.1 1 0 "s2"
0.1 2 1 "s2"
0.1 2 1 "s2"
0.1 2 1 "s2"
0.1 1 0 "s2"
0.1 2 1 "s2"
0.1 2 1 "s2"
0.1 1 0 "s2"
0.1 2 1 "s2"
0.1 1 0 "s2"
0.1 1 1 "s2"
0.1 2 0 "s2"
0.1 1 1 "s2"
0.1 2 1 "s2"
0.1 1 1 "s2"
0.1 1 0 "s2"
0.1 1 0 "s2"
0.2 1 1 "s2"
0.2 1 0 "s2"
0.2 1 1 "s2"
0.2 2 1 "s2"
0.2 2 1 "s2"
0.2 1 1 "s2"
0.2 1 1 "s2"
0.2 1 1 "s2"
0.2 2 1 "s2"
0.2 2 1 "s2"
0.2 2 1 "s2"
0.2 2 1 "s2"
0.2 1 0 "s2"
0.2 2 1 "s2"
0.2 1 1 "s2"
0.2 2 1 "s2"
0.2 2 1 "s2"
0.2 2 1 "s2"
0.2 1 1 "s2"
0.2 1 1 "s2"
0.025 2 1 "s2"
0.025 1 1 "s2"
0.025 1 0 "s2"
0.025 1 1 "s2"
0.025 2 0 "s2"
0.025 2 1 "s2"
0.025 2 1 "s2"
0.025 2 1 "s2"
0.025 1 0 "s2"
0.025 1 1 "s2"
0.025 2 1 "s2"
0.025 1 0 "s2"
0.025 1 1 "s2"
0.025 2 0 "s2"
0.025 1 0 "s2"
0.025 1 0 "s2"
0.025 2 1 "s2"
0.025 1 0 "s2"
0.025 2 1 "s2"
0.025 2 1 "s2"
0.4 1 1 "s2"
0.4 2 1 "s2"
0.4 2 1 "s2"
0.4 1 1 "s2"
0.4 2 1 "s2"
0.4 2 1 "s2"
0.4 2 1 "s2"
0.4 1 1 "s2"
0.4 1 1 "s2"
0.4 1 1 "s2"
0.4 1 1 "s2"
0.4 2 1 "s2"
0.4 2 1 "s2"
0.4 2 1 "s2"
0.4 1 1 "s2"
0.4 2 1 "s2"
0.4 1 1 "s2"
0.4 2 1 "s2"
0.4 1 1 "s2"
0.4 1 1 "s2"
0.2 1 1 "s2"
0.2 2 1 "s2"
0.2 1 1 "s2"
0.2 1 1 "s2"
0.2 1 1 "s2"
0.2 1 1 "s2"
0.2 1 1 "s2"
0.2 2 1 "s2"
0.2 2 1 "s2"
0.2 2 1 "s2"
0.2 1 1 "s2"
0.2 2 1 "s2"
0.2 2 1 "s2"
0.2 1 1 "s2"
0.2 2 1 "s2"
0.2 2 1 "s2"
0.2 2 1 "s2"
0.2 2 1 "s2"
0.2 1 1 "s2"
0.2 1 1 "s2"
0.4 1 1 "s2"
0.4 2 1 "s2"
0.4 2 1 "s2"
0.4 2 1 "s2"
0.4 1 1 "s2"
0.4 2 1 "s2"
0.4 2 1 "s2"
0.4 1 1 "s2"
0.4 2 1 "s2"
0.4 1 1 "s2"
0.4 2 1 "s2"
0.4 2 1 "s2"
0.4 2 1 "s2"
0.4 1 1 "s2"
0.4 1 1 "s2"
0.4 1 1 "s2"
0.4 2 1 "s2"
0.4 1 1 "s2"
0.4 1 1 "s2"
0.4 1 1 "s2"
0.1 2 1 "s2"
0.1 1 0 "s2"
0.1 2 1 "s2"
0.1 2 0 "s2"
0.1 2 1 "s2"
0.1 1 1 "s2"
0.1 2 1 "s2"
0.1 2 1 "s2"
0.1 1 0 "s2"
0.1 2 1 "s2"
0.1 2 1 "s2"
0.1 1 0 "s2"
0.1 1 1 "s2"
0.1 1 0 "s2"
0.1 1 0 "s2"
0.1 1 0 "s2"
0.1 1 1 "s2"
0.1 2 1 "s2"
0.1 2 1 "s2"
0.1 1 0 "s2"
0.025 2 1 "s2"
0.025 2 0 "s2"
0.025 1 1 "s2"
0.025 2 1 "s2"
0.025 1 0 "s2"
0.025 1 1 "s2"
0.025 1 0 "s2"
0.025 1 0 "s2"
0.025 2 1 "s2"
0.025 2 0 "s2"
0.025 1 0 "s2"
0.025 2 1 "s2"
0.025 1 1 "s2"
0.025 1 0 "s2"
0.025 1 0 "s2"
0.025 2 0 "s2"
0.025 2 1 "s2"
0.025 2 1 "s2"
0.025 2 1 "s2"
0.025 1 1 "s2"
0.8 2 1 "s2"
0.8 1 1 "s2"
0.8 2 1 "s2"
0.8 2 1 "s2"
0.8 1 1 "s2"
0.8 1 1 "s2"
0.8 2 1 "s2"
0.8 2 1 "s2"
0.8 2 1 "s2"
0.8 2 1 "s2"
0.8 2 1 "s2"
0.8 1 1 "s2"
0.8 2 1 "s2"
0.8 1 1 "s2"
0.8 1 1 "s2"
0.8 2 1 "s2"
0.8 1 1 "s2"
0.8 1 1 "s2"
0.8 1 1 "s2"
0.8 1 1 "s2"
0.05 1 1 "s2"
0.05 1 1 "s2"
0.05 1 0 "s2"
0.05 1 1 "s2"
0.05 2 0 "s2"
0.05 1 0 "s2"
0.05 2 1 "s2"
0.05 1 0 "s2"
0.05 2 0 "s2"
0.05 1 1 "s2"
0.05 2 1 "s2"
0.05 2 1 "s2"
0.05 2 1 "s2"
0.05 2 1 "s2"
0.05 2 1 "s2"
0.05 2 1 "s2"
0.05 1 0 "s2"
0.05 2 0 "s2"
0.05 1 0 "s2"
0.05 2 0 "s2"
0.05 2 1 "s2"
0.05 2 1 "s2"
0.05 2 0 "s2"
0.05 1 0 "s2"
0.05 1 1 "s2"
0.05 1 1 "s2"
0.05 1 1 "s2"
0.05 1 1 "s2"
0.05 2 1 "s2"
0.05 1 1 "s2"
0.05 1 1 "s2"
0.05 2 1 "s2"
0.05 1 1 "s2"
0.05 1 1 "s2"
0.05 1 0 "s2"
0.05 1 0 "s2"
0.05 2 1 "s2"
0.05 2 0 "s2"
0.05 2 0 "s2"
0.05 2 1 "s2"
0.05 2 0 "s3"
0.1 2 1 "s3"
0.2 2 1 "s3"
0.1 1 0 "s3"
0.05 1 0 "s3"
0.05 1 1 "s3"
0.1 1 1 "s3"
0.2 1 1 "s3"
0.2 1 1 "s3"
0.2 2 1 "s3"
0.1 2 1 "s3"
0.1 2 1 "s3"
0.05 1 0 "s3"
0.2 2 1 "s3"
0.05 1 1 "s3"
0.2 1 1 "s3"
0.2 1 1 "s3"
0.05 2 1 "s3"
0.2 2 1 "s3"
0.1 2 0 "s3"
0.1 1 0 "s3"
0.1 2 0 "s3"
0.1 1 0 "s3"
0.2 1 1 "s3"
0.05 2 1 "s3"
0.05 2 0 "s3"
0.1 1 0 "s3"
0.05 2 1 "s3"
0.2 2 1 "s3"
0.05 1 0 "s3"
0.13 2 1 "s3"
0.4 2 1 "s3"
0.13 1 0 "s3"
0.035 2 0 "s3"
0.4 1 1 "s3"
0.4 2 1 "s3"
0.4 1 1 "s3"
0.13 2 0 "s3"
0.4 2 1 "s3"
0.035 2 1 "s3"
0.13 1 1 "s3"
0.035 2 0 "s3"
0.035 1 0 "s3"
0.035 1 1 "s3"
0.4 2 1 "s3"
0.4 1 1 "s3"
0.4 1 1 "s3"
0.13 2 1 "s3"
0.13 1 1 "s3"
0.13 2 1 "s3"
0.035 1 1 "s3"
0.035 1 0 "s3"
0.4 1 1 "s3"
0.13 1 0 "s3"
0.035 1 0 "s3"
0.4 2 1 "s3"
0.13 2 0 "s3"
0.035 2 1 "s3"
0.13 1 0 "s3"
0.035 2 1 "s3"
0.13 2 0 "s3"
0.4 1 1 "s3"
0.035 1 0 "s3"
0.4 2 1 "s3"
0.4 2 1 "s3"
0.035 2 1 "s3"
0.13 1 0 "s3"
0.4 1 1 "s3"
0.13 1 0 "s3"
0.13 1 1 "s3"
0.13 2 0 "s3"
0.035 2 0 "s3"
0.4 1 1 "s3"
0.035 2 0 "s3"
0.13 2 1 "s3"
0.035 1 0 "s3"
0.035 2 0 "s3"
0.13 2 0 "s3"
0.035 2 0 "s3"
0.4 2 1 "s3"
0.13 2 1 "s3"
0.4 1 1 "s3"
0.035 1 0 "s3"
0.4 2 1 "s3"
0.13 1 1 "s3"
0.035 1 0 "s3"
0.4 1 1 "s3"
0.4 2 1 "s3"
0.13 1 0 "s3"
0.035 1 0 "s3"
